0.06313572078943253, 0.10282453149557114, 0.15114739537239075,
 0.13343723118305206, -0.1542041152715683, -0.15986140072345734,
 0.22850558161735535, 0.02996070869266987, 0.01359916664659977,

 0.11619051545858383, -0.17092028260231018, -0.20893658697605133,
 0.8061273097991943, 0.29610657691955566, 0.019828805699944496,
 0.5638612508773804, 0.1487390100955963, 0.1274009495973587,

 -0.04706442728638649, 0.03436444699764252, -0.07504977285861969,
 0.08055689930915833, 0.2960357069969177, 0.15174870193004608,
 0.07622864842414856, 0.09874983876943588, 0.40982094407081604,

 -0.0458545908331871, -0.09108203649520874, -0.1333497017621994,
 0.1257999688386917, -0.2976832687854767, -0.24401211738586426,
 0.3402941823005676, 0.14126421511173248, -0.09217489510774612,

 0.19270722568035126, 0.27740710973739624, 0.3040667772293091,
 -0.02520594373345375, -0.18127363920211792, -0.18227554857730865,
 -0.22075730562210083, -0.09882154315710068, -0.2062150090932846,

 -0.005838083103299141, 0.01742003671824932, -0.003702190238982439,
 0.10193273425102234, -0.04836852848529816, 0.060305532068014145,
 0.20582368969917297, 0.08296012133359909, 0.09399630129337311,

 0.24532848596572876, 0.1407385617494583, 0.09196650236845016,
 -0.034783367067575455, -0.2349153310060501, -0.1186850294470787,
 0.0993545800447464, -0.032184209674596786, 0.05089596286416054,

 -0.13353167474269867, 0.005607491359114647, -0.10993250459432602,
 0.06166616827249527, -0.12496259808540344, 0.010917834006249905,
 0.1508990079164505, 0.2140805423259735, -0.028457246720790863,

 -0.09103266149759293, 0.17179284989833832, 0.11205093562602997,
 0.08096025884151459, -0.009377159178256989, 0.004027778748422861,
 0.05663643777370453, -0.07447071373462677, 0.08964397013187408,

 0.15368564426898956, 0.1559087187051773, 0.03362755477428436,
 0.01279948279261589, -0.26943597197532654, -0.059956181794404984,
 0.20791542530059814, 0.189863920211792, 0.11608802527189255,


 0.042738478630781174, 0.15396623313426971, 0.15284328162670135,
 0.03767676651477814, 0.08539627492427826, 0.1345895677804947,
 -0.1543717384338379, -0.12894614040851593, -0.03970816358923912,

 -0.12762905657291412, 0.06261996924877167, 0.15231797099113464,
 0.14685823023319244, -0.04645276814699173, 0.14985376596450806,
 -0.07756979018449783, -0.2688743770122528, 0.45462438464164734,

 0.05539781600236893, -0.022548632696270943, -0.21774615347385406,
 0.004608383402228355, 0.0708034411072731, -0.22563989460468292,
 0.16782881319522858, 0.09548208117485046, 0.19409847259521484,

 -0.030478110536932945, 0.3914327323436737, 0.12106744945049286,
 0.024893738329410553, 0.18116939067840576, 0.1685003787279129,
 0.052101537585258484, -0.23525145649909973, -0.1665336936712265,

 -0.07572414726018906, 0.08730324357748032, 0.08011969178915024,
 -0.0999719575047493, -0.08654633909463882, -0.02713548205792904,
 -0.14772343635559082, -0.09574388712644577, 0.0074049001559615135,

 0.22569578886032104, 0.06612100452184677, 0.047384388744831085,
 0.179244726896286, 0.008622168563306332, 0.14552387595176697,
 0.03226184844970703, -0.05219769850373268, -0.09827614575624466,

 0.12651291489601135, 0.09699659049510956, 0.2611338496208191,
 -0.1510877162218094, 0.2001936435699463, 0.21662849187850952,
 -0.0607387013733387, -0.15914323925971985, -0.1405550092458725,

 0.21317143738269806, 0.26386046409606934, 0.04345952346920967,
 0.004982179030776024, -0.07335437834262848, 0.19030532240867615,
 -0.12354997545480728, -0.1525721549987793, -0.28795716166496277,

 0.10945157706737518, 0.11816103756427765, 0.07034792751073837,
 0.02358635701239109, 0.1170012578368187, -0.15166115760803223,
 -0.11778487265110016, 0.06623689830303192, 0.2586915194988251,

 0.10475374013185501, 0.14634771645069122, 0.264197438955307,
 0.023690281435847282, -0.023410052061080933, 0.10276508331298828,
 -0.08524171262979507, -0.07229699939489365, -0.25537994503974915,


 0.012586313299834728, 0.05404691770672798, 0.023193031549453735,
 -0.027325216680765152, 0.08305417001247406, -0.05334460735321045,
 0.06624452024698257, 0.02161308191716671, 0.018545692786574364,

 0.44875845313072205, -0.052274350076913834, 0.3422684669494629,
 -0.19158165156841278, -0.11764161288738251, 0.24663111567497253,
 -0.08197716623544693, 0.016633853316307068, 0.08234837651252747,

 -0.09903106838464737, 0.15378841757774353, 0.1827574223279953,
 0.058228205889463425, -0.10566605627536774, 0.08245966583490372,
 0.14597652852535248, 0.007473174948245287, -0.16121770441532135,

 0.08687365800142288, -0.07063629478216171, 0.05700336769223213,
 -0.0361691378057003, 0.021574825048446655, 0.1892884522676468,
 0.06096450239419937, 0.17029789090156555, 0.24845056235790253,

 0.10903455317020416, 0.1615232527256012, 0.20406383275985718,
 0.03427087515592575, 0.26745250821113586, 0.03174115717411041,
 0.07184271514415741, 0.07554356008768082, -0.038892392069101334,

 0.09380935877561569, 0.003397162538021803, -0.019696859642863274,
 0.013613643124699593, 0.17813712358474731, -0.04093353822827339,
 0.09482814371585846, 0.08964523673057556, -0.05471169948577881,

 -0.04022444039583206, -0.10382435470819473, 0.016149373725056648,
 0.1531006246805191, 0.07702422887086868, -0.18323922157287598,
 -0.14409208297729492, 0.219386026263237, -0.18598315119743347,

 0.052649565041065216, -0.06146946921944618, -0.11166506260633469,
 0.07080531120300293, 0.14352911710739136, -0.14919668436050415,
 0.1567583531141281, 0.18719859421253204, 0.07364072650671005,

 -0.0264873243868351, 0.17856760323047638, 0.10779068619012833,
 0.25597819685935974, 0.11415410041809082, 0.05813363939523697,
 -0.02192794345319271, 0.019780045375227928, -0.04173722118139267,

 0.14672592282295227, -0.017969708889722824, 0.023498190566897392,
 0.030047638341784477, 0.031341247260570526, -0.10525888949632645,
 -0.0671197921037674, 0.1640792340040207, 0.2128625363111496,


 -0.01328963227570057, 0.19028617441654205, 0.07664555311203003,
 -0.20752942562103271, 0.06051599606871605, 0.11392368376255035,
 0.02145458571612835, 0.05649597942829132, -0.05843476951122284,

 -0.16691499948501587, 0.07514632493257523, 0.12494531273841858,
 0.657884955406189, 0.41423559188842773, 0.20520973205566406,
 -0.14227670431137085, 0.42671841382980347, 0.0652565062046051,

 0.10104766488075256, 0.04043722152709961, 0.0008422418031841516,
 0.2588643431663513, 0.3589140474796295, 0.10296639800071716,
 0.43186095356941223, 0.16605326533317566, 0.17668327689170837,

 -0.04733556509017944, 0.22158116102218628, 0.20555362105369568,
 -0.06169384717941284, -0.11088278144598007, -0.15017256140708923,
 -0.3021821975708008, 0.21765105426311493, 0.02882920391857624,

 0.13121531903743744, 0.07263306528329849, 0.10456249862909317,
 -0.15589216351509094, -0.004796311259269714, 0.07551760226488113,
 0.16600722074508667, 0.15044131875038147, -0.2597445547580719,

 0.11983969807624817, 0.09562522172927856, 0.15638189017772675,
 0.025624599307775497, 0.08059001713991165, 0.15401779115200043,
 0.04981205612421036, 0.1879739910364151, 0.03598325699567795,

 0.03284604847431183, 0.2904609143733978, 0.030322104692459106,
 -0.07561320066452026, -0.09051234275102615, 0.020829902961850166,
 0.08440715074539185, 0.09520109742879868, -0.09896525740623474,

 -0.11249563097953796, 0.00677940808236599, 0.06883738189935684,
 0.013136948458850384, -0.051687754690647125, -0.14379163086414337,
 0.11376813799142838, 0.14211724698543549, 0.028859473764896393,

 0.10873211175203323, 0.24745622277259827, 0.015775779262185097,
 -0.12320201843976974, -0.016350530087947845, 0.21955570578575134,
 0.06795816868543625, 0.18283940851688385, 0.10683870315551758,

 0.016816526651382446, 0.11297033727169037, 0.13479137420654297,
 -0.10043412446975708, 0.06749901920557022, -0.0033957597333937883,
 -0.06830232590436935, 0.0412578359246254, -0.035597577691078186,


 0.02106412872672081, -0.18762288987636566, -0.0693405345082283,
 0.06386025249958038, 0.12125442177057266, -0.06947904080152512,
 0.095298171043396, 0.05113391578197479, -0.19508793950080872,

 0.35159772634506226, -0.19810813665390015, -0.10321104526519775,
 -0.2552785873413086, -0.03951980546116829, -0.017012065276503563,
 -0.14206711947917938, 0.627220630645752, -0.1477537453174591,

 0.00013145814591553062, 0.02051234431564808, 0.3092278838157654,
 -0.04797859862446785, -0.016360390931367874, 0.3213072717189789,
 -0.08959998935461044, 0.0815274640917778, 0.2239181250333786,

 0.14627356827259064, -0.04676545783877373, -0.09479951113462448,
 -0.007289881817996502, 0.13594597578048706, 0.16028228402137756,
 -0.12562532722949982, 0.31435179710388184, -0.12060366570949554,

 0.08071863651275635, -0.19551432132720947, -0.21472544968128204,
 -0.07837765663862228, 0.15087172389030457, 0.12355208396911621,
 0.054044924676418304, 0.058838535100221634, -0.1302085518836975,

 0.10910435020923615, -0.025361565873026848, -0.056241221725940704,
 -0.019228313118219376, 0.2468697875738144, -0.012527198530733585,
 0.00559677928686142, 0.030702443793416023, -0.1699444204568863,

 -0.1026376411318779, -0.15528088808059692, -0.31634944677352905,
 0.09941084682941437, 0.10239502042531967, 0.03160900995135307,
 0.1662771850824356, 0.1061091274023056, -0.11072208732366562,

 -0.03225589171051979, 0.24984806776046753, -0.023164823651313782,
 0.07672061026096344, 0.08638789504766464, -0.0690310150384903,
 0.2249964028596878, -0.05414636433124542, -0.12994781136512756,

 0.11562652140855789, -0.2547323703765869, -0.2853979468345642,
 -0.06440487504005432, 0.23570412397384644, 0.15053272247314453,
 -0.028096703812479973, 0.2005515694618225, -0.0010193372145295143,

 0.021580718457698822, -0.064793661236763, -0.15126542747020721,
 0.02489432692527771, 0.18911291658878326, 0.03386297449469566,
 -0.11765307933092117, 0.08363485336303711, -0.23012670874595642,


 -0.10427843034267426, 0.07755663245916367, 0.02680926024913788,
 0.035696085542440414, 0.007400782313197851, 0.0662090852856636,
 -0.005473377648741007, -0.30033236742019653, -0.15474049746990204,

 0.1672378033399582, -0.10514240711927414, 0.15242476761341095,
 -0.005001279525458813, -0.36209166049957275, 0.23074817657470703,
 -0.007981905713677406, -0.29549795389175415, -0.07809655368328094,

 0.1390923708677292, 0.04726259782910347, 0.01302595529705286,
 -0.002595103345811367, 0.3036192059516907, 0.3364218771457672,
 0.08947816491127014, 0.15285861492156982, 0.15909667313098907,

 0.01754516363143921, -0.005371752195060253, 0.120127834379673,
 0.09745322167873383, -0.1145724356174469, -0.18834556639194489,
 -0.043042026460170746, -0.16106794774532318, 0.023936131969094276,

 0.023432113230228424, 0.06874413788318634, 0.19195100665092468,
 0.062136076390743256, 0.14271573722362518, 0.2170335352420807,
 0.09250136464834213, -0.3259233832359314, -0.4349871277809143,

 0.22327029705047607, 0.050376199185848236, -0.0035149140749126673,
 0.13008512556552887, -0.07814035564661026, -0.23663081228733063,
 -0.014070669189095497, 0.17137232422828674, 0.1702689379453659,

 -0.07240802049636841, -0.0016802925383672118, -0.05134805664420128,
 0.13800251483917236, 0.018902843818068504, 0.15933813154697418,
 -0.07323481887578964, -0.2632431089878082, -0.42460131645202637,

 0.09630478918552399, 0.16628792881965637, 0.2021441012620926,
 0.025466086342930794, -0.1957753449678421, -0.28062328696250916,
 0.006775302346795797, 0.11438699811697006, 0.2301805019378662,

 0.004749078303575516, 0.00754736689850688, -0.00812144111841917,
 0.23619873821735382, 0.17341600358486176, 0.36456963419914246,
 -0.011507655493915081, -0.25364255905151367, -0.42230796813964844,

 0.0023434998001903296, 0.13039258122444153, 0.01930713653564453,
 0.19633574783802032, 0.0561935156583786, -0.09369223564863205,
 0.06567974388599396, -0.15820994973182678, -0.1112060397863388,


 0.051480479538440704, -0.04660801216959953, -0.12753529846668243,
 -0.011170187965035439, 0.1538664847612381, 0.190723717212677,
 0.037399280816316605, -0.18048252165317535, -0.3366886377334595,

 0.08132598549127579, 0.260098397731781, 0.2371501326560974,
 0.2746325731277466, -0.3222118318080902, -0.27728259563446045,
 0.36231324076652527, -0.2326473891735077, -0.29467400908470154,

 -0.07531507313251495, 0.07863520085811615, 0.2594415843486786,
 0.1548403948545456, -0.1417071372270584, -0.5541165471076965,
 0.05094551667571068, 0.3421914577484131, 0.5106143951416016,

 0.09202669560909271, -0.07644156366586685, 0.16681602597236633,
 0.031866949051618576, 0.18635550141334534, 0.20230472087860107,
 0.10718013346195221, -0.038760341703891754, 0.01652960292994976,

 0.10378103703260422, 0.11356353014707565, 0.013263162225484848,
 0.01978841796517372, 0.1209041029214859, 0.26450422406196594,
 0.024813804775476456, -0.24822284281253815, -0.6737949252128601,

 -0.03784327208995819, -0.07481361925601959, -0.13101878762245178,
 0.13926397264003754, 0.14619553089141846, 0.1703379899263382,
 0.13473017513751984, -0.13514171540737152, -0.20465610921382904,

 -0.08185750991106033, -0.07734090834856033, -0.16159294545650482,
 0.13016627728939056, 0.13250212371349335, 0.2317192703485489,
 -0.10049440711736679, 0.02828463353216648, -0.21979281306266785,

 -0.13552722334861755, -0.003951581194996834, -0.05277377739548683,
 0.03642082214355469, 0.19161725044250488, 0.39483892917633057,
 -0.05631071701645851, -0.278153657913208, -0.292761892080307,

 0.06174900010228157, 0.0278707854449749, 0.20205476880073547,
 -0.04189557954668999, 0.07596834748983383, -0.055032435804605484,
 0.06927109509706497, 0.08616006374359131, -0.044797640293836594,

 0.087510846555233, -0.14302243292331696, 0.0042492700740695,
 0.1313101351261139, 0.05543840304017067, 0.22897931933403015,
 0.0771106705069542, -0.1845196634531021, -0.4523085057735443,


 0.019330084323883057, 0.044401366263628006, -0.0378442257642746,
 0.10617980360984802, -0.24165977537631989, 0.07481712102890015,
 0.06166794151067734, 0.15750396251678467, 0.15355433523654938,

 -0.1623857021331787, -0.15112648904323578, -0.17961406707763672,
 -0.08756592869758606, -0.10036783665418625, -0.2146013081073761,
 -0.05809207260608673, -0.3980664908885956, -0.25285831093788147,

 0.16499242186546326, 0.021149765700101852, 0.0646858960390091,
 0.2005590796470642, 0.19322159886360168, 0.14124028384685516,
 -0.06437837332487106, -0.25295066833496094, 0.1888798177242279,

 0.07898049801588058, -0.06570907682180405, -0.024442357942461967,
 0.2670876979827881, -0.3519214689731598, -0.2222641408443451,
 0.15346749126911163, -0.05214323848485947, 0.033409446477890015,

 0.07937408238649368, -0.03889932855963707, 0.008281228132545948,
 0.17059403657913208, -0.1228918805718422, 0.13816289603710175,
 0.07256083190441132, -0.0037934891879558563, -0.08551861345767975,

 0.02133132331073284, 0.02271515317261219, -0.1471622735261917,
 0.12300528585910797, 0.026481084525585175, 0.21307241916656494,
 0.15551412105560303, 0.11065657436847687, 0.18359845876693726,

 0.032836176455020905, 0.22582194209098816, -0.027100229635834694,
 -0.07744275778532028, -0.11827745288610458, 0.06239526718854904,
 0.048471599817276, 0.08220643550157547, 0.15898890793323517,

 -0.0030370503664016724, -0.05102773383259773, -0.06297450512647629,
 0.06953399628400803, -0.10361233353614807, 0.2783353626728058,
 0.22984962165355682, 0.02276168018579483, 0.02809165231883526,

 0.11934425681829453, 0.13226719200611115, 0.10138887912034988,
 0.11396212875843048, -0.0911489948630333, 0.06534887105226517,
 -0.07921060919761658, 0.0956454947590828, 0.22661414742469788,

 -0.04367385804653168, -0.04072035476565361, -0.12561532855033875,
 0.08239813894033432, -0.11194885522127151, -0.07436677813529968,
 0.057977963238954544, 0.213424950838089, 0.07776972651481628,


 -0.06990951299667358, -0.01405819971114397, 0.09529610723257065,
 0.09450935572385788, -0.03991951420903206, 0.17662297189235687,
 -0.052649278193712234, 0.051916323602199554, 0.1345229297876358,

 0.1335114985704422, 0.017475787550210953, -0.030237073078751564,
 0.17826199531555176, -0.32182082533836365, -0.089565709233284,
 0.09322624653577805, 0.055719323456287384, -0.007829840295016766,

 0.08483609557151794, 0.1774546355009079, -0.008541405200958252,
 0.023109596222639084, -0.09772400557994843, -0.15369704365730286,
 0.045834820717573166, -0.0029002781957387924, -0.0052051302045583725,

 0.16129978001117706, -0.0706762969493866, 0.006853052414953709,
 0.28036943078041077, -0.21854829788208008, 0.00606879685074091,
 -0.09309988468885422, -0.07145846635103226, 0.04072266444563866,

 0.04995359852910042, -0.07026752084493637, -0.003477312857285142,
 -0.07160396128892899, 0.03578990697860718, -0.021809637546539307,
 0.2013256996870041, 0.1074792817234993, 0.1296105980873108,

 0.06553609669208527, -0.0016307225450873375, -0.12057577073574066,
 -0.01609726995229721, 0.1153801679611206, 0.09697762876749039,
 -0.05007857456803322, 0.12079931795597076, -0.12112969905138016,

 -0.1756572127342224, 0.06108527630567551, 0.07276346534490585,
 -0.02011053077876568, -0.1423976570367813, 0.22886118292808533,
 0.15317261219024658, 0.211602121591568, 0.21355056762695312,

 -0.012348759919404984, -0.06281010061502457, 0.07794307917356491,
 0.051398806273937225, 0.06458116322755814, 0.23397120833396912,
 0.14229464530944824, -0.0871303528547287, -0.060305673629045486,

 0.11435741186141968, -0.04738306254148483, 0.10074001550674438,
 0.0033620218746364117, -0.04640953987836838, -0.03360199183225632,
 -0.02285058982670307, 0.3672448396682739, 0.2218705713748932,

 0.03754344582557678, -0.14339037239551544, -0.08667691051959991,
 0.02439298667013645, -0.0014084132853895426, 0.09097609668970108,
 0.12166379392147064, 0.20410294830799103, 0.10988572984933853,


 0.04508209228515625, -0.08791739493608475, 0.19899798929691315,
 0.07179081439971924, 0.07185922563076019, 0.1147816851735115,
 0.16698025166988373, 0.06840074807405472, -0.09481482952833176,

 -0.021437758579850197, 0.06946133077144623, -0.06257827579975128,
 -0.07616343349218369, -0.21368688344955444, -0.3206007182598114,
 -0.12034193426370621, -0.31176164746284485, -0.2957807183265686,

 0.04607699438929558, 0.05549939349293709, -0.05011526495218277,
 0.028842812404036522, -0.01940813474357128, 0.11544225364923477,
 0.00486399931833148, -0.23699410259723663, -0.1896204948425293,

 0.20297981798648834, 0.03206481784582138, 0.08676508814096451,
 0.09600165486335754, 0.019585363566875458, 0.021762480959296227,
 0.19669634103775024, 0.23423539102077484, 0.20448291301727295,

 0.029100660234689713, -0.061485905200242996, 0.2250765860080719,
 0.1842273622751236, 0.1667882651090622, -0.01117014605551958,
 -0.28468891978263855, -0.059559572488069534, -0.05012070760130882,

 0.11471667140722275, 0.10153719037771225, 0.2276121973991394,
 0.011952403001487255, 0.03468576818704605, -0.1655704826116562,
 0.11226126551628113, 0.046578530222177505, 0.026301946491003036,

 -0.011120024137198925, 0.017975952476263046, 0.22108027338981628,
 0.14690694212913513, 0.1404939591884613, 0.02456803061068058,
 0.13537123799324036, 0.03570668026804924, -0.21139103174209595,

 0.058075957000255585, 0.00021119062148500234, 0.27695000171661377,
 0.13047702610492706, -0.07763437181711197, -0.15017123520374298,
 0.005720868706703186, 0.16384314000606537, 0.09473231434822083,

 0.0031511965207755566, -0.04132550209760666, 0.0397985577583313,
 0.19033876061439514, 0.17437982559204102, 0.22244618833065033,
 0.0198894664645195, -0.1992078274488449, -0.15927059948444366,

 0.11738225072622299, -0.03124849498271942, 0.11617690324783325,
 0.06467216461896896, -0.07129377871751785, -0.041182711720466614,
 0.09436897188425064, 0.07013247907161713, 0.08494509011507034



